1960   110   280   170  15.15
1961   105   265   160  14.48
1962   110   280   170  14.71
1963    95   290   195  16.66
1964    90   270   180  10.86
1965    75   275   200  16.47
1966   110   275   165  16.47
1967    95   275   180  13.90
1968    90   280   190  13.91
1969    90   285   195  18.04
1970   130   270   140  17.27
1971    90   255   165  16.86
1972   105   280   175  16.84
1973   110   270   160  12.62
1974   110   275   165  16.89
1975    90   260   170  13.34
1976   110   300   190  15.90
1977   130   295   165  18.31
1978    95   270   175  16.24
1979    95   275   180  15.30
1980   115   285   170  12.40
1981   110   265   155  16.49
1982    70   270   200  15.30
1983    90   265   175  15.42
1984   105   265   160  13.82
1985    90   270   180  15.19
1986   120   285   165  15.37
1987   135   275   140  15.38
1988   130   275   145  15.01
1989    75   270   195  20.38
1990   140   280   140  13.23
1991    85   275   190  16.53
1992   100   285   185  12.93
1993   120   260   140  15.29
1994   125   275   150  15.80
1995   100   275   175  16.00
1996   130   260   130  14.30
1997   115   275   160  15.89
1998   120   265   145  15.86
1999   100   285   185  13.37
2000   115   275   160  15.78
2001   125   270   145  15.95
2002   110   265   155  14.23
2003   100   275   175  18.91
2004   115   265   150  17.42
2005   110   275   165  16.77
2006   115   275   160  11.59
2007    95   280   185  13.47
2008   125   280   155  16.71
2009    95   290   195  16.56
2010   115   280   165  16.46
2011    75   265   190  18.21
2012   100   285   185  14.89
2013    90   275   185  12.52
2014   105   270   165  13.91
2015    80   280   200  14.32
2016    95   275   180  17.61
2017   125   275   150  15.64
2018   105   280   175   8.92
2019   115   285   170   9.06
2020   105   280   175  11.19
